7.84e+02 6.59e+02 7.29e+02 2.92e+02
9.35e+02 8.63e+02 8.07e+02 4.59e+02
1.09e+02 8.23e+02 3.77e+02 8.54e+02
9.04e+02 6.99e+02 1.70e+02 5.72e+02
7.00e+02 4.96e+02 4.14e+02 8.05e+02
5.86e+02 6.51e+02 1.87e+02 2.74e+02
7.00e+02 9.49e+02 7.77e+02 6.37e+02
9.45e+02 1.72e+02 8.77e+02 2.15e+02
8.55e+02 8.09e+02 9.47e+02 5.31e+02
5.48e+02 9.50e+02 1.99e+02 2.77e+02
8.55e+02 8.97e+02 7.59e+02 2.47e+02
5.23e+02 3.88e+02 3.65e+02 7.97e+02
7.39e+02 6.44e+02 6.43e+02 8.14e+02
3.44e+02 2.51e+02 7.75e+02 6.10e+02
5.59e+02 9.82e+02 2.83e+02 1.28e+02
9.02e+02 2.28e+02 2.28e+02 1.53e+02
6.50e+02 5.88e+02 8.56e+02 3.73e+02
4.35e+02 4.88e+02 7.17e+02 1.42e+02
5.42e+02 6.43e+02 9.88e+02 3.57e+02
4.21e+02 1.57e+02 3.91e+02 9.70e+02
2.19e+02 8.79e+02 5.30e+02 1.82e+02
1.91e+02 9.96e+02 4.98e+02 7.11e+02
6.65e+02 7.33e+02 1.84e+02 3.03e+02
4.24e+02 8.74e+02 1.47e+02 7.39e+02
2.31e+02 9.68e+02 2.80e+02 9.46e+02
2.43e+02 7.60e+02 3.27e+02 8.91e+02
8.19e+02 4.73e+02 9.53e+02 6.60e+02
4.05e+02 6.81e+02 2.69e+02 7.75e+02
5.48e+02 1.95e+02 2.97e+02 7.06e+02
3.56e+02 9.81e+02 7.90e+02 3.92e+02
9.16e+02 9.61e+02 4.87e+02 7.10e+02
6.54e+02 4.68e+02 3.01e+02 4.83e+02
6.12e+02 4.70e+02 6.55e+02 4.83e+02
1.23e+02 7.99e+02 2.30e+02 4.77e+02
1.98e+02 6.74e+02 8.34e+02 2.23e+02
6.94e+02 8.39e+02 2.48e+02 3.09e+02
